21525343
1033132329
44026537
52751595
51965718
1031675
23411737
1093387
33504758
20871455
1030041642
46520779
37766057
31201366
1093387
38121243
18861656
62512966
1004467533
1078740
24053106
31521743
1004825
1135058
22938494
1032409956
31045997
37766057
1182803
48512810
20439226
1030549872
31115226
37418365
21253869
20394230
48512810
21136459
37766057
1017374278
52751595
23411737
37418365
18542793
1032409956
1018859500
22703675
1012140928
32958954
1024914276
20394230
31201366
21299682
45746405
20080811
1030390848
68220176
1004825
1028602585
1008335601
22403602
39366634
31201366
52751595
1004467533
1160309
33246865
38366620
33504758
1031675
49011714
1194038
1019220536
62512966
31201366
1018859500
1029107169
48512810
1004467533
22845731
10387560
48512810
1028366811
1030553793
31201366
38805528
21459575
21885481
1028366811
1004825
1030075530
20394230
1093387
22703675
31521743
21753932
1012140928
20279478
31201366
1004825
22938494
37766057
1027175415
1017374278
68219246
1004825
48512810
14793175
23411737
20793727
1160309
33246865
21253869
11520480
18542793
1016203886
38366620
35642085
48512810
50556921
33393375
38366620
31045997
52751595
33504758
1008954060
35421741
1011184380
22703675
20591566
10499133
65795918
1069831
48512810
46361445
31459421
68219246
11520480
1000944085
62512966
38366620
44329573
65795918
1004825
1011184380
66923628
1028366811
54664737
1008954060
52751595
49833752
33246865
21253869
10499133
31201366
48512810
50556921
68219246
31201366
20271439
22403602
21458478
20394230
1029958194
40610414
1004825
38531703
38366620
48512810
1003049627
40610414
1029958194
68219246
1004825
33920936
39393265
48512810
23411737
38366620
1008068508
31201366
48512810
1019220536
36569109
66697462
1172191
1182803
1004825
45746405
31201366
20439226
62719511
22204648
31201366
31521743
14934364
52751595
1028366811
39366634
33246865
1022025896
20439226
38782448
62512966
1028366811
33504758
31201366
1004467533
20439226
20279478
22703675
42588566
33504758
1028602585
49895925
1028366811
33626265
20871455
1194038
37053183
44329573
1028779994
55745617
31201366
1029240225
1194038
21708552
39462586
66697462
1008954060
56652395
1029240225
1028779994
48512810
1022025896
40195009
34063368
48512810
33626265
1027642350
1182803
1027175415
45746405
21253869
23280889
21525343
63973290
49504818
21253869
48512810
45746405
1003994507
22204648
40901513
14004269
68752736
49833752
34063368
1172191
38531766
68219246
1160309
40195009
46867463
22703675
1018859500
68219246
1027642350
1012140928
34476318
47005698
1004825
36734547
1182803
1028127714
1008954060
31521743
23821696
20279478
1008954060
39366634
22370164
1028366811
21253869
22703675
21708552
22845731
31521743
20441733
68219246
33504758
31201366
44329573
1028366811
68219246
34063368
21458478
1027175415
1008954060
1003885229
35493924
1027785747
1011184380
68219246
48512810
33504758
20394230
1160309
31045997
31521743
1172191
1005423375
39366634
62719511
48512810
1160309
21259662
1172191
33504758
21136459
1004825
31521743
34063368
1135058
1022025896
21136459
1160309
38366620
52751595
1025731550
21708552
21506288
31201366
62512966
1004467533
1008282969
1004825
46361445
22845731
1093387
24005612
68752736
39366634
16765996
1026205882
20394230
21253869
48512810
21885481
38531766
1172191
31201366
33146063
20279478
20080811
44329573
11520480
33504758
22370164
10705082
36296343
22938494
1027126057
1027055789
1004825
1160309
33504758
55803578
60906336
20797530
38366620
44026537
14934364
1135058
20871455
1003049627
1015311651
32097311
31201366
24039774
1160309
38366620
21458478
21708552
22204648
56966628
1004825
20279478
34583798
15966129
14934364
1160309
32097311
31201366
20279478
42299218
21458478
1004825
1004467533
21885481
20871455
49833752
10404432
38366620
21753932
1182803
20279478
48512810
14934364
1051720
38366620
37053183
1011184380
47186956
66697462
21708552
38366620
48512810
1160309
20439226
10499133
1004825
45490398
31201366
21885481
1024533757
1011184380
33717054
10499133
22204648
1004825
49833752
31201366
41305289
21708552
15966129
20439226
1160309
11779399
21567668
1011184380
31201366
60906336
10499133
1004825
1004825
38366620
22822143
1182803
1160309
48512810
1024733399
1012140928
49833752
10499133
22822143
1025078013
46361445
1011184380
23411737
11779399
1004825
1000944085
68219246
58615859
48512810
44329573
1011184380
1012140928
59683793
48512810
31201366
1004825
21253869
68752736
48512810
1003994507
39366634
1024285135
31521743
1017374278
23411737
1160309
66923628
48512810
1135058
23411737
21005732
1004825
22703675
1019220536
21885481
1160309
21708552
1135058
41305289
33246865
21458478
1009187692
52803127
21525343
1160309
1008282969
20871455
1017374278
21253869
22703675
1160309
14934364
62512966
1008282969
1019287271
43674835
45428141
1008220393
66697462
48512810
15966129
35493924
1017374278
22822143
66697462
14934364
31201366
46361445
58615859
31045997
38366620
31201366
34476318
1003885229
21253869
21525343
1022234766
1160309
1004825
15966129
1004825
40901513
1008954060
48512810
1030270
31201366
40901513
23967211
50556921
34063368
22204648
1004825
23411737
1135058
1160309
21885481
32369019
20957737
31521743
21708552
1160309
48512810
31201366
23411737
20957737
35421741
31201366
54664737
1004825
63973290
10499133
31201366
1020415793
1016413703
1004825
1160309
31201366
15966129
1006198320
1172191
63973290
31201366
1160309
46361445
1011184380
1016413703
41305289
1018859500
10499133
1004825
20271439
68219246
11520480
49833752
1160309
1093387
45814411
46361445
21753932
21708552
11520480
39366634
48653019
32648486
22822143
18861656
21885481
1004825
21905644
1012140928
44640176
1011184380
1000399981
49833752
44329573
68219246
31201366
20871455
1160309
48512810
31201366
46361445
68219246
20957737
1004825
1019220536
1160309
1182803
34476318
22370164
22204648
1172191
1006730781
21708552
1011184380
34476318
1093387
1004825
21525343
21253869
54730174
1172191
58806735
1160309
11286473
21708552
66923628
46361445
49833752
1017374278
48512810
1160309
42109217
21708552
46361445
23572068
33246865
1160309
21885481
66697462
1016203886
15966129
33296125
1004825
31201366
1160309
22204648
34583798
43674835
68219246
1004825
1160309
39366634
21253869
1172191
1004825
21525343
31201366
1160309
21708552
44026537
1135058
33246865
21708552
1160309
1019220536
22568062
48917953
48512810
44329573
48512810
68219246
1010821666
1011184380
34476318
1093387
1010821666
58117579
1018859500
1020372753
21708552
68752736
1003916957
35844392
1160309
31201366
34476318
1003916957
21496055
58615859
21708552
1008001972
1160309
23411737
21885481
21708552
1000399981
67163700
18861656
1016413703
66697462
48512810
11779399
24006072
14934364
10499133
21885481
22702031
11520480
34476318
1000944085
21458478
1093387
31201366
1160309
22204648
1199349
50556921
1019287271
68219246
10499133
20877227
1008282969
1003994507
20591566
1010609179
1160309
14934364
33504758
21885481
20871455
21253869
54730174
21708552
1160309
31201366
58806735
20394230
21885481
1160309
41305289
11520480
22204648
48512810
31201366
1017374278
63973290
36569109
10499133
31045997
1007526818
18861656
50556921
34476318
31201366
1018859500
31201366
43674835
48512810
1160309
1018859500
1006198320
41305289
1172191
49833752
41305289
14934364
10404432
68752736
1160309
41305289
46361445
22433347
1015311651
33504758
21708552
22433347
68219246
33504758
1160309
1135058
58615859
31201366
48512810
1000107297
1160309
35642085
21753932
1160309
21708552
10499133
20871455
66697462
21885481
1000711153
21708552
23485036
66697462
21708552
1160309
48512810
1007418967
21708552
20694757
22370164
10499133
21458478
50556921
31201366
11779399
1135058
35642085
21458478
22370164
30203218
21458478
1006198320
1011184380
1006730781
44026537
1135058
15526898
22370164
1011184380
1160309
35642085
50556921
1011184380
1076905
20271439
1160309
35493924
22204648
22370164
1135058
66697462
44640176
1160309
31201366
1199349
1015978625
22370164
66697462
50556921
20242097
42207277
1004825
31201366
66697462
38782448
21253869
10499133
49744838
21253869
66697462
1015677257
48512810
22370164
20439226
66697462
1007326204
44329573
22568062
33246865
22370164
1160309
1004825
21525343
1172191
39462586
1003994507
1008282969
22370164
34476318
1007526818
33246865
21525343
10499133
21496055
43223474
33146063
48512810
68219246
37053183
31201366
10499133
15526898
1135058
1160309
66923628
21708552
22403602
58615859
1160309
39377573
22204648
22370164
1004825
20877227
21496055
66697462
46361445
40195009
43223474
66697462
1160309
22370164
10499133
1160309
1093387
35421741
38782448
1004825
22822143
1008954060
20080811
1160309
31201366
18542793
1004825
22370164
11520480
1008282969
65795918
18542793
65795918
1004825
65795918
65795918
31201366
22822143
10499133
1004825
1172191
65795918
33246865
65795918
31201366
65795918
65795918
50556921
1093387
1160309
48512810
1172191
50983729
21708552
1004825
1172191
65795918
1160309
48512810
33504758
67163700
1004825
31201366
65795918
1003994507
1160309
23572068
1004825
31201366
47005698
1160309
1005089174
65795918
31201366
65795918
1172191
1004825
65795918
65795918
47005698
65795918
50983729
1160309
20193759
50983729
65795918
65795918
1093387
1008282969
21708552
1010644116
65795918
32376088
65795918
31201366
50983729
1003994507
1160309
1135058
65795918
35550442
65795918
1011184380
48512810
31201366
65795918
65795918
48512810
48512810
65795918
67163700
1004825
65795918
67163700
65795918
31201366
15526898
65795918
1160309
65795918
1004825
65795918
23411737
67163700
32376088
22822143
68219246
50556921
1012143262
65795918
21708552
1000711153
1008282969
65795918
1012140928
65795918
31201366
41305289
65795918
1011184380
65795918
66697462
14934364
67163700
38782448
35642085
65795918
66697462
1019593
11520480
1011184380
42207277
1007526818
1004825
68219246
31521743
1011184380
21253869
65795918
34476318
65795918
1000944085
20394230
65795918
14934364
1004825
67163700
65795918
37862040
63973290
1011684470
65795918
1006198320
53833632
1160309
58806735
63973290
1009187692
1004825
1010609179
22400163
1004740178
63973290
44026537
37862040
1135058
65795918
66923628
1002099071
42207277
10499133
24039774
37862040
1000813267
1011184380
1160309
1135058
67043586
1008282969
20394230
21168925
21187991
1007326204
21708552
11520480
68752736
1160309
23411737
56932332
1093387
36734547
20591566
11520480
20394230
32369019
10387560
23249091
68752736
20591566
1093387
1051720
20394230
49011714
22445406
31201366
21708552
22204648
1003994507
46361445
11520480
1061219
22445406
1003370609
1076905
38531703
55803578
31201366
1172191
60906336
1160309
10499133
1009381850
1008954060
21253869
20439226
11520480
67163700
31201366
1010609179
1003994507
1093387
1160309
21708552
44640176
66697462
18542793
43674835
22703675
22023705
20394230
1004825
33246865
31201366
57437170
1003994507
21885481
46361445
42207277
20591566
20424631
1093387
1004825
20694757
1160309
48512810
33504758
48512810
20045846
1006198320
39633848
20591566
39366634
20394230
1007326204
66697462
20591566
1160309
1004825
11520480
21885481
1093387
33246865
35493924
1008282969
22703675
15526898
1093387
66697462
20394230
44026537
20228794
31201366
1160309
1009597869
1135058
21458478
67163700
22204648
10499133
44026537
1003335
36734547
66697462
39462586
1003994507
21708552
68220176
10499133
43674835
49241095
22370164
49565725
46361445
1160309
68219246
1006198320
10499133
21708552
1009468912
1172191
58615859
10499133
1160309
20871455
60048931
68219246
1004825
22822143
1160309
68752736
48917953
48512810
22370164
1135058
22703675
21187991
1003994507
1026403
21708552
33246865
22370164
1003643912
1093387
11520480
1006198320
11520480
68219246
1160309
1135058
10499133
1093387
22445406
41305289
1003994507
22568062
22023705
37862040
1004825
24039774
1008282969
31045997
1008954060
48512810
22370164
1093387
1008965871
35838362
53957249
1076905
11520480
1093387
22370164
20394230
39366634
22403602
22445406
49744838
1160309
20439226
1004825
1160309
20591566
20394230
22370164
49241095
34476318
39462586
65795918
11520480
1093387
1008282969
10499133
66697462
21253869
1093387
31201366
11520480
20394230
17163104
1003994507
50556921
1160309
1004825
40195009
1003643912
65795918
22023705
1008282969
31201366
22370164
10499133
1004825
1003994507
1093387
21071254
38782448
1008282969
20394230
1007341872
62512966
39804637
23335460
1003994507
16765996
11520480
23335460
1093387
50556921
56932332
48512810
1007341872
20394230
1007418967
1003994507
22445406
20591566
1002099071
35851779
1004740178
1003994507
1006447001
21253869
23485036
10499133
20080811
1006198320
1003994507
66923628
20045846
44329573
20394230
22822143
1004825
20195553
1000249972
46361445
1003994507
21708552
31201366
49241095
21136459
1002099071
20394230
43674835
39366634
1172191
1002351183
10499133
1007341872
33920936
22023705
45355895
31201366
14934364
43459090
1007341872
21525343
57462715
63973290
1003049627
66697462
10404432
64493028
1007392938
31201366
24039774
10499133
67043586
66923628
1007526818
62512966
1007341872
22845731
31201366
1001255850
20591566
58615859
31201366
48512810
1000813267
35018628
23411737
1002351183
22822143
24039774
21496055
31045997
31201366
10499133
20439226
20394230
30046826
62424319
39462586
1135058
11520480
39804637
51994548
31201366
1000813267
24039774
68219246
20591566
31201366
50556921
53502706
1003643912
1003994507
11520480
20202308
35018628
1160309
21708552
1003994507
31201366
24039774
1004825
32648486
31045997
31201366
36734547
33246865
1172191
43674835
33504758
31045997
20394230
50556921
31201366
33246865
1135058
22822143
57437170
10499133
20591566
24039774
20394230
1003994507
22702031
21708552
50556921
24039774
37843424
1160309
1135058
20694757
16027668
1172191
10404432
49565725
1160309
56859067
20439226
13311634
50556921
31201366
33504758
33181372
10499133
50556921
22403602
31045997
20394230
33393375
1006198320
40707303
1135058
33504758
31045997
21253869
63973290
14709272
21708552
31201366
31045997
43674835
45814411
1026403
36734547
20271439
1004825
44640176
10499133
1093387
68220915
55065000
1003643912
23967211
50556921
20439226
20394230
1093387
62424319
14793175
1160309
62512966
57437170
1004844669
31201366
11520480
46361445
1004825
41119826
20591566
1000637394
22828819
39462586
20394230
33246865
48512810
21458478
49241095
21548817
39366634
67329734
1093387
1002467400
20271439
57437170
1123467
44640176
34583798
32648486
57437170
37436110
1135058
1004825
21708552
51040485
22703675
48512810
39366634
1004467533
1160309
11520480
58615859
59683793
68219246
68752736
18615365
49241095
1005089174
31201366
1004787283
22433347
20394230
13311634
44329573
1009138
39366634
24039774
51040485
63754235
21861098
33246865
23249091
66923628
21136459
67043586
1160309
20394230
31045997
1000107297
1003643912
23411737
1000813267
21708552
43547966
1000637394
21708552
1160309
10404432
21509638
32097311
31201366
36734547
44329573
62512966
22703675
22370164
24005612
20439226
1003643912
43674835
66697462
20394230
10499133
1123467
44329573
21525343
22023705
49241095
31201366
48512810
1160309
13939163
31997720
63973290
24039774
21496055
22822143
55143999
1135058
1003643912
1002610740
40195009
20394230
31201366
34178174
48653019
31997720
33246865
23967211
68752736
43223474
20439226
66697462
48512810
1004825
21861098
1135058
1001898331
31201366
46361445
67043586
1135058
1002610740
11520480
33193187
39366634
10459730
32369019
1135058
18542793
21708552
58825364
1004825
46361445
31201366
21885481
1000637394
1003885229
1160309
21861098
44628593
1004825
22703675
58825364
39366634
46361445
33246865
21525343
1135058
1004825
21253869
21885481
1000813267
31115226
11520480
1172191
1003798775
58825364
31201366
62512966
39804637
41305289
23411737
22702031
21708552
1004825
41305289
46361445
1160309
37053183
35844392
1001255850
46361445
20394230
24006072
33920936
1160309
39366634
33504758
30883176
35838362
1160309
15966129
10499133
11520480
1000944085
13311634
1020165
48512810
44329573
46361445
41305289
13311634
44026537
39436349
10499133
33246865
21708552
13311634
57437170
34597758
33504758
39804637
22702031
1003014894
1004825
34476318
31201366
33504758
46361445
1160309
20591566
31201366
16765996
1003014894
33504758
68752736
64493028
31201366
20394230
21861098
34583798
1061219
21187991
64493028
31201366
22204648
1003014894
21885481
20394230
10499133
54310495
21253869
62512966
50556921
13311634
14934364
31201366
20394230
22845731
11779399
1160309
1004825
16027668
38531703
1160309
58615859
46361445
20080811
63973290
30096207
44329573
20394230
33504758
16027668
21861098
66697462
31201366
11520480
10499133
57437170
31201366
22204648
33504758
1135058
44329573
1172191
21187991
1004825
20439226
41119826
68752736
32097311
33504758
37217916
21885481
20080811
39377573
56652395
22204648
1160309
1026403
20394230
58825364
24005612
1172191
39366634
58825364
10499133
68752736
67043586
22703675
21458478
58615859
10499133
13311634
31201366
32097311
21411834
62512966
44329573
33504758
16027668
1172191
1135058
31997720
33504758
31201366
32648486
13311634
52610293
10404432
21885481
11520480
21885481
68220176
1135058
68752736
1172191
22702031
20439226
11520480
66697462
33504758
31201366
68752736
1135058
39366634
67163700
21885481
44329573
33246865
11779399
10499133
39366634
22204648
50556921
68219246
49241095
41305289
11520480
1004825
21708552
50556921
21885481
39366634
66923628
68220176
1160309
21525343
24001722
11520480
1004825
33246865
68220176
1160309
39462586
20871455
22702031
68752736
39462586
44329573
21708552
21496055
45355895
62512966
21885481
39462586
1160309
58615859
21708552
24001722
1004825
10499133
65795918
21885481
20394230
22703675
1001255850
1004825
11779399
65795918
20898225
63973290
44329573
23572068
34476318
31201366
38531766
1000107297
16027668
67163700
33504758
13311634
11520480
50556921
22204648
68219246
44329573
33504758
67163700
10499133
1061219
38531766
20394230
33504758
1172191
32097311
67043586
20045846
63973290
34333243
33920936
31201366
11520480
1172191
1135058
12623191
58615859
21708552
50556921
33246865
34063368
1172191
31201366
47267689
20394230
22702031
11520480
67043586
1020165
21458478
1135058
33504758
62512966
1004825
21187991
44329573
68219246
33246865
58806735
1000107297
57437170
21708552
11520480
31201366
60123625
13311634
21187991
1135058
20394230
1000107297
33504758
11520480
31201366
39462586
20894242
10499133
57437170
20394230
22703675
1000107297
66659082
34063368
1135058
21458478
49241095
31201366
33393375
49833752
10499133
41305289
1004825
31201366
32369019
10499133
19636841
10404432
33246865
20439226
68752736
10499133
39366634
47267689
41305289
21458478
1172191
1004825
39366634
11520480
31201366
20394230
10499133
41305289
68752736
1063636
68219246
41305289
62512966
69070568
24005612
1004825
15526898
43459090
69220370
40901513
31997720
57437170
22702031
11520480
44026537
68752736
21708552
24005612
68219246
31201366
36569109
68752736
52379869
62719511
1135058
14934364
1172191
10499133
21708552
33504758
31201366
49241095
57437170
33246865
11520480
58615859
20439226
39462586
33504758
23411737
33146063
68804953
67163700
33246865
68752736
1172191
33146063
21708552
1093387
39436349
68219246
31201366
10499133
49833752
1135058
11520480
21708552
31201366
1093387
49833752
34476318
1004825
31201366
58615859
44026537
11520480
22370164
33246865
22702031
45355895
1004825
34063368
31201366
54310495
1004825
47795973
31201366
21253869
68220176
62512966
1093387
21525343
49241095
43459090
1135058
35421741
67043586
21885481
21458478
31201366
15526898
1172191
1135058
34178174
39462586
11520480
31201366
21548817
15526898
39786409
1135058
34063368
43459090
33504758
32648486
67043586
49895925
20271439
1172191
31201366
33246865
34063368
49241095
10499133
21458478
51480032
1093387
49895925
22702031
10404432
33504758
1172191
31201366
1135058
34583798
39786409
1093387
33146063
35421741
33920936
1172191
31997720
33504758
44026537
21458478
21885481
40707303
1026403
22403602
33504758
47795973
12742705
21548817
35421741
62512966
67043586
34476318
31201366
34583798
40707303
21885481
51040485
1172191
44329573
10499133
20460457
66923628
1004825
1026403
64608506
1172191
31201366
40707303
30287787
20394230
21411834
63754235
1172191
40901513
40707303
66659082
20279478
1003335
35421741
40195009
24003372
21885481
65783471
24005612
21708552
49069687
10499133
20439226
34476318
31201366
21885481
60123625
34583798
15526898
21549986
41675305
21458478
46361445
23485036
63973290
31201366
1135058
34063368
31997720
14709272
21708552
10499133
31201366
22403602
10404432
12032838
52379869
34583798
1172191
34333243
63973290
14934364
62512966
33504758
31201366
21708552
22702031
1135058
10499133
16765996
1172191
23238879
49241095
31201366
65631010
21253869
21708552
45355895
22845447
31201366
22023705
65783471
1135058
11520480
44329573
21708552
10499133
64608506
33246865
41602615
31201366
21708552
16765996
20394230
43223474
35421741
49241095
22204648
20080811
34476318
1135058
23411737
21708552
14934364
10499133
35421741
21708552
31201366
1172191
34063368
1135058
21708552
21708552
20394230
22703675
23238879
1160309
21708552
22702031
40901513
39366634
62512966
21708552
50556921
20439226
21708552
1004825
31201366
33504758
21885481
22702031
64496498
49241095
10499133
33246865
20871455
59756235
16765996
31201366
22702031
21567668
21708552
20898225
35493924
31201366
31997720
23335460
31201366
1135058
62719511
22702031
10499133
21567668
1172191
14934364
31201366
49833752
10499133
1160309
20394230
58615859
31201366
1172191
40901513
23572068
49833752
49241095
31201366
40901513
15526898
21708552
60123625
20394230
31201366
40901513
11520480
49833752
10499133
41203893
23411737
11520480
31201366
1004825
40901513
49833752
21253869
1135058
31201366
58615859
20871455
39366634
20591566
31201366
49241095
50556921
21708552
1160309
1093387
10499133
31201366
56859067
15526898
21708552
39008815
34476318
31201366
20181842
56859067
10499133
1061219
20591566
47005698
40901513
44640176
21708552
31201366
24005612
10499133
31997720
20439226
62512966
10499133
31201366
1160309
37781272
1123467
31201366
10499133
40901513
21708552
44640176
1160309
33504758
22702031
22703675
21253869
44329573
21708552
42611404
1135058
1093387
33246865
23967211
34583798
41203893
46738597
44329573
21708552
20439226
20332797
10499133
33246865
20898225
1172191
41854908
31201366
33246865
1172191
31201366
40901513
44329573
1004825
21708552
31201366
33246865
1160309
44026537
49241095
39007481
1172191
20591566
1135058
1172191
20439226
21071254
31201366
40901513
39796251
39366634
41854908
31201366
60123625
44026537
23660546
1172191
21253869
10499133
12742705
31201366
55143999
49833752
10499133
58615859
1004825
34583798
44640176
1093387
31997720
31201366
41854908
20439226
41913882
34583798
40195009
44329573
20871455
1172191
1093387
13311634
33246865
14934364
31201366
21708552
21136459
33920936
31201366
41854908
1004825
12032838
44329573
21509638
1160309
57458562
41854908
21708552
33393375
20394230
20521484
57812941
31201366
21458478
14934364
49241095
53445344
40901513
41920985
41854908
31201366
13311634
39462586
20394230
49833752
1135058
24001722
60760980
1004825
34476318
58615859
33504758
21187991
20871455
31201366
1093387
58615859
1172191
31997720
33393375
24039774
34476318
23967211
20533669
14934364
1135058
15526898
20394230
20591566
22703675
1135058
21253869
21708552
1061219
21525343
15526898
41854908
56178718
21458478
20871455
40901513
11779399
39377573
34063368
60048931
24005612
11520480
53625641
49833752
1004825
60123625
31201366
36734547
31997720
1135058
1172191
20080811
1160309
22204648
31201366
33504758
23226428
21458478
55803578
41305289
39008815
35865272
11520480
52237471
32173912
23224714
34476318
42031083
11520480
31201366
1123467
22702031
56859067
1160309
10499133
1135058
23226428
57812941
34063368
1172191
50556921
22702031
31997720
21458478
20591566
23411737
44026537
41305289
33246865
11520480
1061219
1135058
34583798
21187991
21253869
34178174
31201366
34333243
40901513
33193187
21708552
22702031
39377573
20674868
46520779
1172191
1004825
10499133
57458562
1135058
31201366
22370164
58117579
21708552
22822143
22370164
1160309
12032838
21253869
34333243
1093387
21885481
1004825
56859067
23411737
31997720
22370164
40901513
10499133
1026403
49833752
1160309
48512810
16027668
33246865
15966129
1004825
36734547
21885481
22370164
34476318
21708552
1135058
58615859
50556921
49833752
47467873
49241095
1172191
38891951
21253869
20195553
20441733
23967211
31201366
57720918
24005612
13311634
11779399
21549986
34476318
20394230
44628593
11520480
1172191
23411737
49241095
34476318
40901513
20637841
21458478
23572068
48512810
1093387
57458562
44329573
57812941
23411737
21708552
14934364
21187991
34063368
21253869
34995109
23411737
1135058
45355895
21708552
52803127
21506288
31201366
33504758
21708552
49241095
1004825
11520480
1093387
22370164
21253869
21708552
21525343
1172191
34178174
10499133
22471150
21708552
1004825
51040485
16765996
56859067
20441733
57437170
52610293
21253869
21885481
21708552
39394008
13311634
31201366
21458478
1172191
23411737
21708552
21525343
56859067
23411737
1004825
33246865
21253869
41854908
1172191
10499133
49241095
1123467
33504758
22703675
38782448
1135058
21708552
13311634
34333243
33246865
20439226
1004825
49241095
55143999
13311634
31997720
56859067
1004825
49833752
1172191
21525343
21708552
1135058
55143999
56859067
23411737
1123467
1004825
21509638
31201366
21253869
21708552
1160309
33146063
21496055
23411737
31201366
21458478
47186956
39366634
20591566
41305289
21525343
11520480
1172191
20439226
32958954
39366634
24001722
50556921
21253869
33246865
55972745
55627337
1061219
34476318
39377573
12733341
16765996
55972745
44640176
1135058
38897804
49241095
21708552
20533669
23249091
44628593
49565725
55803578
22403602
54664737
21525343
21509638
50556921
21708552
1093387
36569109
21753932
31997720
40901513
39366634
20134208
44329573
49472692
35386396
12742705
23967211
20533669
23572068
41305289
1182803
1135058
31201366
50556921
12032838
55349274
55244702
31997720
21708552
40901513
23572068
21708552
12032838
50556921
39377573
32097311
52610293
11520480
50556921
16027668
23411737
40901513
18861656
1004825
13311634
40195009
31201366
44329573
1093387
1004825
54091098
21496055
1135058
21708552
13311634
1160309
49833752
21590444
39462586
41203893
39007481
49472692
40195009
21496055
20533669
1172191
40901513
21253869
23572068
11520480
31201366
1172191
1093387
21525343
41203893
35865272
21885481
49833752
1172191
44329573
21458478
18542793
23572068
31201366
34476318
21253869
1004825
40195009
21708552
1093387
12032838
45355895
53625641
34063368
49241095
23411737
49833752
22845731
21708552
49472692
31201366
21489092
39462586
21458478
21253869
22403602
50955859
34476318
21708552
31997720
1093387
49833752
1004825
21458478
32648486
21496055
21708552
11520480
49833752
44329573
34476318
10499133
48653019
11520480
20957737
39366634
41203893
31201366
49833752
13311634
21458478
20394230
21708552
20441733
41305289
49241095
33393375
23249091
21708552
35421741
34476318
33393375
21489092
1004825
12032838
44329573
44921948
11520480
21708552
31997720
33146063
32648486
36734547
1004825
21567668
1172191
12032838
21187991
31201366
35421741
11520480
42279056
23280889
49565725
1135058
23411737
31997720
21458478
35493924
20533669
1160309
21708552
45355895
20080811
1004825
39462586
21708552
33246865
11520480
1093387
36569109
1135058
38897804
33246865
34531562
31997720
1172191
34178174
33146063
20533669
31201366
45814411
1004825
44921948
21708552
1135058
49241095
23417892
31997720
50556921
41305289
21590444
1172191
21708552
21525343
22703675
1135058
11520480
24005612
39410863
23337819
33146063
1160309
33246865
32097311
21708552
21708552
33626265
41203893
12032838
22433347
20439226
21525343
50556921
31201366
36296343
33146063
1160309
49833752
1135058
21471602
33504758
34063368
1160309
23967211
31201366
11520480
49565725
21458478
49833752
31201366
21708552
21187991
20394230
1093387
33246865
11520480
20591566
15526898
31997720
30417743
34476318
49565725
12032838
1123467
21708552
15526898
21253869
49833752
34333243
21411834
1076905
20898225
31201366
35848834
22204648
1135058
12623191
39377573
21136459
49833752
44628593
1135058
21708552
39366634
23010582
33146063
40610414
21187991
12032838
1004825
24040278
31201366
1093387
1135058
16157454
21708552
49565725
20533669
45490398
33246865
21187991
1004825
23411737
21708552
1172191
34178174
22471150
14793175
44640176
33920936
22433347
46883647
24033040
41472287
41203893
22204648
49214482
45466199
11520480
42279056
22845731
20394230
41675305
22204648
36569109
38278646
24005612
33146063
21253869
20080811
21885481
22204648
45355895
1004825
33920936
23572068
21187991
34063368
41203893
1172191
47186956
14934364
21187991
34552208
23572068
21567668
33246865
19009810
21253869
21708552
23572068
23411737
33246865
18861656
1135058
1172191
21708552
33246865
23010582
22702031
31201366
12032838
21708552
1135058
20394230
1061219
46883647
31201366
1172191
47382756
1004825
21525343
31201366
33504758
21708552
41305289
1172191
18861656
1093387
1004825
20591566
41920985
13311634
40639796
24005612
22702031
21708552
45359918
1172191
21885481
31521743
23572068
31201366
38278646
47005698
21708552
1135058
10499133
12032838
45355895
20279478
45814411
23226428
21187991
20441733
31997720
32097311
1160309
1004825
20394230
1061219
21187991
21187991
36734547
34063368
32596858
20439226
41920985
31201366
1004825
21708552
1093387
33607710
18861656
20228794
36734547
13311634
21708552
33504758
45490398
31997720
44921948
31201366
33146063
39366634
1172191
21253869
21708552
34531562
38891951
22845731
1061219
23411737
44921948
35421741
39377573
23572068
20394230
33146063
36734547
10499133
34333243
21885481
33246865
41920985
1182803
23572068
34063368
39377573
1135058
1172191
31201366
41920985
41203893
33146063
1135058
1135058
1061219
1093387
21187991
31201366
20394230
23572068
21708552
21187991
35421741
31201366
22568062
21590444
38278646
21708552
32097311
11520480
1172191
21253869
23572068
32097311
1160309
34476318
22204648
20439226
31201366
31201366
23411737
21458478
39377573
1160309
10499133
1004825
23411737
20080811
41305289
36569109
1135058
21458478
35848834
1004825
42588566
41920985
22702031
36569109
1172191
15526898
22403602
1004825
1061219
39366634
36296343
1004825
23411737
1093387
23572068
15526898
24003372
34476318
34583798
35421741
38891951
39366634
1135058
20591566
1051720
1004825
21253869
21187991
22204648
22702031
21253869
23572068
31201366
41472287
34333243
33607710
41305289
1093387
21187991
33607710
41305289
36569109
1135058
1004825
38891951
21708552
23572068
11520480
31521743
31201366
37766057
21187991
20394230
21885481
15526898
21708552
39377573
20591566
13311634
1093387
33504758
20533669
1004825
23572068
23411737
31201366
10499133
1004825
20533669
39393265
1123467
34531562
18861656
31997720
21708552
16765996
37781272
1160309
33146063
11520480
14934364
39377573
38531703
1004825
40266017
1172191
40195009
21708552
14934364
21496055
21253869
21708552
31997720
33146063
1061219
32376088
20439226
23572068
21567668
31201366
33146063
18861656
39377573
1172191
21708552
37843424
33146063
21253869
23572068
1135058
23411737
33197056
20898225
21187991
32648486
20054849
39462586
1135058
33146063
23572068
39366634
39936058
35421741
33146063
23572068
34476318
39462586
1061219
39804637
1135058
1123467
21253869
21549986
21458478
33504758
36569109
23572068
31201366
31201366
34178174
39377573
31997720
20957737
21708552
31459421
1135058
37053183
10499133
14793175
35386396
38685501
18861656
1093387
10404432
23572068
31201366
23249091
1061219
20957737
21569621
1004825
30203218
21708552
31201366
22910221
1160309
20394230
21253869
13311634
32648486
21458478
37843424
1093387
1061219
1172191
15526898
20533669
30203218
23411737
38782448
34476318
12032838
21708552
1061219
20957737
21253869
1026403
36256458
21885481
22403602
31201366
11520480
23717032
39377573
31201366
37781272
1061219
35851779
33197056
1172191
33626265
20957737
23572068
39377573
21471602
1093387
39377573
20439226
22403602
21708552
22403602
21253869
23411737
14934364
1172191
1093387
22403602
21708552
39377573
21013002
14793175
1061219
36734547
19636841
20394230
23717032
23714653
1123467
21708552
19053788
23717032
38457102
35421741
23572068
14934364
34476318
1172191
1026403
21708552
24033040
21708552
21253869
21708552
23351682
23280889
16027668
21875578
22845447
10499133
22403602
20394230
38121243
1061219
20957737
21708552
14004269
22403602
39462586
15526898
11520480
21708552
21458478
34063368
35421741
14793175
1093387
1061219
20394230
1182803
31201366
39462586
34476318
1004825
35386396
1004825
39393265
39366634
1172191
21875578
1160309
21253869
14004269
21708552
20394230
20957737
21525343
1123467
39462586
23821696
1093387
34476318
31201366
30203218
34063368
11520480
15526898
34178174
35386396
23967211
33416223
37053183
24005612
21548817
31201366
1004825
39786409
39366634
32031509
20394230
34063368
39786409
13311634
14934364
1160309
23572068
21187991
16027668
31201366
39377573
37580407
21458478
20439226
22403602
1135058
10499133
23717032
21253869
24033040
1004825
1135058
37053183
30538882
1160309
21708552
11520480
39462586
1182803
36569109
21708552
34063368
30203218
20957737
13311634
21708552
31309581
24033040
1130962
22403602
1172191
21253869
1160309
21253869
23967211
1004825
21013002
21708552
35851779
39393265
33607710
1172191
20957737
21708552
20533669
14934364
20439226
1061219
20898225
21708552
1182803
1160309
1093387
1172191
21187991
21708552
39462586
1004825
16027668
23572068
1199349
21708552
15526898
1135058
21458478
20394230
1172191
10499133
21708552
23967211
1004825
20394230
23572068
23411737
1071043
20533669
21708552
21253869
20228794
23411737
21708552
20957737
1135058
15526898
1172191
21253869
1061219
20573657
21187991
1026403
1160309
1182803
21567668
15966129
21187991
23411737
20439226
23821696
21253869
1160309
31270382
39377573
21253869
21708552
20533669
21875578
14793175
1026403
21708552
37205095
23417892
23717032
1172191
32097311
21708552
16027668
20957737
18861656
1135058
18542793
1093387
16027668
1199349
11779399
1123467
21187991
33733203
1172191
23411737
21187991
20228794
21253869
14793175
11520480
1199349
21013002
17145331
32097311
1004825
21187991
1135058
21708552
23411737
1199349
11520480
20533669
21253869
33193187
39377573
22403602
15526898
21708552
36569109
21708552
1004825
36569109
18542793
39377573
24001722
20957737
1199349
21708552
36160322
21353296
38278646
1199349
1004825
18542793
1160309
23967211
15526898
33920936
1004825
35848834
1135058
21708552
21187991
22568062
1004825
20957737
21708552
23411737
1135058
22445406
1172191
1135058
22845447
21013002
21253869
20533669
23411737
23429492
23249091
20439226
20957737
22480062
1135058
1160309
20957737
1004825
1135058
24005612
21567668
23821696
20898225
20394230
21253869
1004825
10499133
14793175
1160309
14934364
1135058
11674409
16027668
23717032
21506288
21187991
21253869
22805363
1004825
11520480
23417892
1123467
1004825
16027668
23280889
1182803
20533669
20271439
21708552
23351682
22910221
23417892
20202308
14004269
1182803
1160309
21187991
1004825
18542793
21496055
23249091
21708552
21259662
22345026
1172191
23188635
21509638
14934364
22107075
21187991
22345026
1182803
22845447
15526898
20439226
20591566
22791713
21753932
1135058
11520480
22805363
20271439
21590444
20533669
22568062
20394230
1135058
1172191
20591566
21885481
1076905
15526898
10779439
15799507
20439226
11520480
21506288
20228794
21875578
1061219
21253869
1135058
21708552
22403602
21708552
21187991
11520480
1004825
21708552
21496055
21458478
14934364
21253869
21708552
1076905
1135058
20957737
21590444
1004825
14793175
21875578
20054849
21567668
21187991
21506288
1172191
18542793
1160309
21187991
21253869
18542793
21708552
21506288
21875578
21789210
1123467
21253869
20394230
20279478
21187991
21548817
1135058
21187991
20439226
20957737
21187991
21253869
20533669
21253869
1135058
21458478
20957737
20846236
19636841
21253869
1171572
1093387
20394230
21187991
20898225
21066434
14934364
20957737
1061219
1135058
20498027
20394230
1004825
20154333
1093387
20957737
1004825
11412878
20394230
1172191
20533669
20797530
15136764
1172191
1160309
20439226
20573657
1026403
1160309
1135058
15966129
20573657
18542793
1093387
1135058
1135058
1160309
1004825
1093387
11412878
15526898
15799507
20271439
20394230
1172191
16027668
14004269
1093387
1076905
16027668
13311634
1160309
1026403
12032838
12742705
11705086
1135058
14934364
1071043
20054849
10404432
11412878
20279478
1004825
1123467
12154894
10499133
20460457
18861656
20080811
20509598
17306976
11520480
15136764
20054849
1082648
1020165
1071521
1199349
